033.五子棋 

檢查10*10五子棋可以構成5個連為一線的位置。 

1表示有放棋子，0表示沒有放旗子。 

---------------------------------- 
輸入說明 

輸入10*10的資料 

----------------------------- 
輸出說明 

可構成5個連為一線的位置。例如 

0 0 0 0 0 0 0 0 1 0 
0 0 0 0 0 0 1 1 0 0 
0 0 0 0 0 0 1 0 0 0 
0 0 0 0 0 0 1 1 1 1 
0 0 0 0 1 0 1 0 0 0 
0 0 0 0 0 0 0 0 0 0 
0 0 0 1 0 0 0 0 0 0 
0 0 0 1 0 0 0 0 0 0 
0 0 1 1 1 1 0 0 0 0 
0 0 0 1 0 0 0 0 0 0 


可以增加5個連為一線，以下圖表示。 

0 0 0 0 0 0 x 0 1 0 
0 0 0 0 0 0 1 1 0 0 
0 0 0 0 0 0 1 0 0 0 
0 0 0 0 0 x 1 1 1 1 
0 0 0 0 1 0 1 0 0 0 
0 0 0 x 0 0 x 0 0 0 
0 0 0 1 0 0 0 0 0 0 
0 0 0 1 0 0 0 0 0 0 
0 x 1 1 1 1 x 0 0 0 
0 0 0 1 0 0 0 0 0 0 

其位置為 

0 6 
3 5 
5 3 
5 6 
8 1 
8 6 

--------------------- 

SampleInput: 

0 0 0 0 0 0 0 0 1 0 
0 0 0 0 0 0 1 1 0 0 
0 0 0 0 0 0 1 0 0 0 
0 0 0 0 0 0 1 1 1 1 
0 0 0 0 1 0 1 0 0 0 
0 0 0 0 0 0 0 0 0 0 
0 0 0 1 0 0 0 0 0 0 
0 0 0 1 0 0 0 0 0 0 
0 0 1 1 1 1 0 0 0 0 
0 0 0 1 0 0 0 0 0 0 

Sample Output: 

0 6 
3 5 
5 3 
5 6 
8 1 
8 6 